0.3319531324
-0.3752908397
-0.6862277510
-0.9274844354
-1.1229030272
-0.8894108288
-0.3161939237
0.3777983132
0.9274844354
1.0335814999
1.0296594002
0.7706433587
0.2172677474
-0.4190967588
-0.8953805477
-1.0296594002
-0.6745016245
-0.6143864870
-0.2632383872
-0.1200250162
0.4802970688
0.8971619983
0.9713415377
0.6745016245
0.1200250162
-0.0432829548
-0.4626042145
-0.8518730920
-0.9157554024
-0.6298502744
-0.1033637495
0.4626042145
0.6862277510
0.8445510392
0.9057805773
0.6210327212
0.0990714738
-0.4607317094
-0.8445510392
-0.9547708042
-0.9394902860
-0.6591882040
-0.1270986331
0.4535382957
0.8609390108
0.9394902860
0.7356572356
0.6716594152
0.2895684157
0.1695009448
-0.4613989457
-0.9160601214
-1.0208174664
-0.7356572356
-0.1695009448
-0.0634888630
0.4159432192
0.8985340873
1.0379154742
0.7808484273
0.2255238213
-0.4159432192
-0.6862277510
-0.8848274581
-1.0112256109
-0.7513699507
-0.2045165074
0.4204552905
0.8848274581
0.9826642392
0.9714038011
0.6986354782
0.1590121483
-0.4413484176
-0.8731288889
-0.9714038011
-0.6839626293
-0.6164704141
-0.2170281747
-0.1276791299
0.3199527786
0.4773734576
0.9000856095
0.9789956514
0.6839626293
0.1276791299
-0.0000000000
-0.4436888697
-0.8707884368
-0.9652764181
-0.6910616162
-0.1528847652
0.4436888697
0.6862277510
0.8646974114
0.9585244644
0.6862277510
0.1518153608
-0.4405853372
-0.8646974114
-0.9773087100
-0.9652764181
-0.6910616162
-0.1528847652
0.4436888697
0.8707884368
0.9652764181
0.6839626293
0.6165606096
0.2110032444
0.1513142440
-0.1513142440
-0.4391310396
-0.8618431915
-0.9553605373
-0.6839626293
-0.1513142440
-0.0000000000
0.4485515884
0.8803320597
0.9758556055
0.6986354782
0.1545603439
-0.4485515884
-0.7513699507
-0.9467813716
-1.0495152352
-0.7513699507
-0.1662268831
0.4824092039
0.9467813716
1.1042864361
1.0906908376
0.7808484273
0.1727484579
-0.5013355510
-0.9839264191
-1.0906908376
-0.7356572356
-0.6593759886
-0.1627507318
0.4723210198
0.9269821955
1.0275676795
0.7356572356
0.1627507318
-0.0000000000
-0.4232248794
-0.8306255945
-0.9207555644
-0.6591882040
-0.1458333547
0.4232248794
0.6210327212
0.7825468813
0.8674599003
0.6210327212
0.1373921508
-0.3987275514
-0.7825468813
-0.8907428004
-0.8797762784
-0.6298502744
-0.1393428735
0.4043887691
0.7936576465
0.8797762784
0.6745016245
0.6010779858
0.1492211694
-0.4330567005
-0.8499216299
-0.9421453845
-0.6745016245
-0.1492211694
0.0000000000
0.4947834936
0.9710672825
1.0764363749
0.7706433587
0.1704907728
-0.4947834936
-0.8894108288
-1.1207230255
-1.2423310439
-0.8894108288
-0.1967659071
0.5710369033
1.1207230255
1.2903316937
1.2744455693
0.9124022906
0.2018523482
-0.5857983304
-1.1496939574
-1.2744455693
-0.7418844975
-0.6572794205
-0.1641283998
0.4763191681
0.9348290033
1.0362659328
0.7418844975
0.1641283998
-0.0000000000
-0.2607043544
-0.5116611049
-0.5671807039
-0.4060565519
-0.0898325984
0.2607043544
0.0000000000
0.0000000000
-0.0000000000
-0.0000000000
-0.0000000000
-0.0000000000
-0.0000000000
0.5742506828
0.5671807039
0.4060565519
0.0898325984
-0.2607043544
-0.5116611049
-0.5671807039
-0.7418844975
-0.6579564323
-0.1877635139
0.4380767501
0.8965865852
1.0126308187
0.7418844975
0.1877635139
-0.0053555292
-0.5930015012
-1.1568971282
-1.2788973737
-0.9124022906
-0.1974005438
0.5930015012
0.9545530284
1.1826769389
1.2806206681
0.8894108288
0.1584762828
-0.6329908168
-1.1826769389
-1.1533431527
-1.1292117383
-0.7706433587
-0.1177154093
0.5801758254
1.0564596143
1.1292117383
0.6745016245
0.5891973050
0.1424709564
-0.4439787747
-0.8608437041
-0.9488955975
-0.6745016245
-0.1424709564
-0.0225379059
0.3740753528
0.7633442302
0.8610415568
0.6298502744
0.1580775951
-0.3740753528
-0.5558376914
-0.7205427234
-0.8291392232
-0.6210327212
-0.1757128278
0.3367233935
0.7205427234
0.8889499435
0.8847764404
0.6591882040
0.1818124787
-0.3650094339
-0.7724101490
-0.8847764404
-0.7356572356
-0.6463041185
-0.1919468851
0.4250806515
0.8797418272
0.9983715262
0.7356572356
0.1919468851
-0.0562727898
-0.5770222858
-1.0596131540
-1.1374678122
-0.7808484273
-0.1259714833
0.5770222858
0.9545530284
1.1400199617
1.1689432518
0.7513699507
0.0467988665
-0.6756477940
-1.1400199617
-1.1445312602
-1.1059563897
-0.6986354782
-0.0244595598
0.6590590791
1.0908395504
1.1059563897
0.6839626293
0.5893974256
0.1409037383
-0.4559755917
-0.8786877436
-0.9657710430
-0.6839626293
-0.1409037383
-0.2015290136
0.1726329461
0.5997325132
0.7977546445
0.6910616162
0.3204065389
-0.1726329461
0.0000000000
-0.2120560371
-0.5551699126
-0.6862277510
-0.5551699126
-0.2120560371
0.2120560371
0.2015290136
0.3204065389
0.6910616162
0.7977546445
0.5997325132
0.1726329461
-0.3204065389
-0.6839626293
-0.7756229323
-0.9894061572
-0.9169301617
-0.4942180097
0.1172686241
0.6839626293
0.9894061572
1.1391757310
1.0836363796
0.6518559083
-0.0289113642
-0.6986354782
-1.1015045853
-1.0836363796
-0.8894108288
-0.6136938806
0.0850884908
0.7513699507
1.1306536275
1.0780660482
0.6136938806
-0.0072160732
-0.1787468467
-0.7808484273
-1.0846924488
-0.9742208221
-0.4916299540
0.1787468467
0.7356572356
0.8206887036
0.9916213132
0.8688197531
0.4141585774
-0.1986970981
-0.7356572356
-0.9916213132
-0.9114878493
-0.8027235653
-0.3953228503
0.1630777571
0.6591882040
0.9035111620
0.8027235653
0.6210327212
0.3987275514
-0.1373921508
-0.6210327212
-0.8674599003
-0.7825468813
-0.3987275514
-0.0207450490
0.1220984711
0.6298502744
0.8970206808
0.8215596756
0.4322907982
-0.1220984711
-0.6745016245
-0.7714275762
-0.9780917508
-0.9080840724
-0.4912191430
0.1132748031
0.6745016245
0.9780917508
1.0970703629
0.9807728795
0.5044890906
-0.1644923839
-0.7706433587
-1.0824347637
-0.9807728795
-0.7513699507
-0.4397522267
0.2779042995
0.8894108288
1.1611926515
0.9894383488
0.4397522267
-0.1511559626
-0.3275013280
-0.9124022906
-1.1487965896
-0.9463896375
-0.3824940105
0.3275013280
0.7418844975
0.8335434914
1.0022203130
0.8797420331
0.4212321980
-0.1981740197
-0.7418844975
-1.0022203130
-0.7757796964
-0.7827170284
-0.5317602780
-0.0776891753
0.4060565519
0.7347024776
0.7827170284
0.6862277510
0.6526413743
0.4033545518
-0.0000000000
-0.4033545518
-0.6526413743
-0.6526413743
-0.7757796964
-0.7347024776
-0.4060565519
0.0776891753
0.5317602780
0.7827170284
0.7347024776
0.7418844975
0.6307167139
0.1981740197
-0.4212321980
-0.8797420331
-1.0022203130
-0.7418844975
-0.1981740197
-0.1511559626
0.3824940105
0.9463896375
1.1487965896
0.9124022906
0.3275013280
-0.3824940105
-0.7513699507
-0.9894383488
-1.1611926515
-0.8894108288
-0.2779042995
0.4397522267
0.9894383488
1.0970703629
1.0824347637
0.7706433587
0.1644923839
-0.5044890906
-0.9807728795
-1.0824347637
-0.6745016245
-0.5524216475
-0.1132748031
0.4912191430
0.9080840724
0.9780917508
0.6745016245
0.1132748031
-0.0207450490
-0.4322907982
-0.8215596756
-0.8970206808
-0.6298502744
-0.1220984711
0.4322907982
0.6210327212
0.7825468813
0.8674599003
0.6210327212
0.1373921508
-0.3987275514
-0.7825468813
-0.9114878493
-0.9035111620
-0.6591882040
-0.1630777571
0.3953228503
0.8027235653
0.9035111620
0.7356572356
0.6186272505
0.1986970981
-0.4141585774
-0.8688197531
-0.9916213132
-0.7356572356
-0.1986970981
-0.0072160732
0.4916299540
0.9742208221
1.0846924488
0.7808484273
0.1787468467
-0.4916299540
-0.8894108288
-1.0780660482
-1.1306536275
-0.7513699507
-0.0850884908
0.6136938806
1.0780660482
1.1391757310
1.1015045853
0.6986354782
0.0289113642
-0.6518559083
-1.0836363796
-1.1015045853
-0.6839626293
-0.5528730722
-0.1172686241
0.4942180097
0.9169301617
0.9894061572
0.6839626293
0.1172686241
0.2015290136
-0.1726329461
-0.5997325132
-0.7977546445
-0.6910616162
-0.3204065389
0.1726329461
0.0000000000
0.2120560371
0.5551699126
0.6862277510
0.5551699126
0.2120560371
-0.2120560371
-0.2015290136
-0.3204065389
-0.6910616162
-0.7977546445
-0.5997325132
-0.1726329461
0.3204065389
0.7241730872
0.8322433346
0.9983019868
0.8911134585
0.4435498768
-0.1734346821
-0.7241730872
-0.9983019868
-1.1391757310
-1.0884990983
-0.6613995312
0.0183321767
0.6910616162
1.0998290066
1.0884990983
0.9545530284
0.6957778408
0.0059022800
-0.6862277510
-1.1162421052
-1.1198899149
-0.6957778408
-0.1197616528
0.0533324272
0.6910616162
1.0648287561
1.0318675034
0.6047679363
-0.0533324272
-0.7241730872
-0.8321954771
-0.9890806550
-0.8761930302
-0.4286294485
0.1826560139
0.7241730872
0.9890806550
0.9114878493
0.7822595750
0.3551600079
-0.2075986108
-0.6910616162
-0.9105625725
-0.7822595750
-0.5558376914
-0.3165770214
0.2284567149
0.6862277510
0.8818831103
0.7406890955
0.3165770214
-0.0658208607
-0.2075986108
-0.6910616162
-0.9105625725
-0.7822595750
-0.3551600079
0.2075986108
0.7241730872
0.8347778435
0.9890806550
0.8761930302
0.4286294485
-0.1826560139
-0.7241730872
-0.9890806550
-1.0970703629
-1.0318675034
-0.6047679363
0.0533324272
0.6910616162
1.0648287561
1.0318675034
0.9545530284
0.6957778408
0.0059022800
-0.6862277510
-1.1162421052
-1.1198899149
-0.6957778408
-0.1618670210
0.0183321767
0.6910616162
1.0998290066
1.0884990983
0.6613995312
-0.0183321767
-0.7241730872
-0.8402087084
-0.9983019868
-0.8911134585
-0.4435498768
0.1734346821
0.7241730872
0.9983019868
0.7757796964
0.5997325132
0.1726329461
-0.3204065389
-0.6910616162
-0.7977546445
-0.5997325132
0.0000000000
0.2120560371
0.5551699126
0.6862277510
0.5551699126
0.2120560371
-0.2120560371
-0.7757796964
-0.7977546445
-0.6910616162
-0.3204065389
0.1726329461
0.5997325132
0.7977546445
0.7241730872
0.5798653870
0.1734346821
-0.4435498768
-0.8911134585
-0.9983019868
-0.7241730872
-0.1734346821
0.1618670210
0.6613995312
1.0884990983
1.0998290066
0.6910616162
0.0183321767
-0.6613995312
-0.9545530284
-1.1198899149
-1.1162421052
-0.6862277510
0.0059022800
0.6957778408
1.1198899149
1.0970703629
1.0648287561
0.6910616162
0.0533324272
-0.6047679363
-1.0318675034
-1.0648287561
-0.7241730872
-0.5789837904
-0.1826560139
0.4286294485
0.8761930302
0.9890806550
0.7241730872
0.1826560139
0.0658208607
-0.3551600079
-0.7822595750
-0.9105625725
-0.6910616162
-0.2075986108
0.3551600079
0.5558376914
0.7406890955
0.8818831103
0.6862277510
0.2284567149
-0.3165770214
-0.7406890955
-0.9114878493
-0.9105625725
-0.6910616162
-0.2075986108
0.3551600079
0.7822595750
0.9105625725
0.7241730872
0.5751496485
0.1826560139
-0.4286294485
-0.8761930302
-0.9890806550
-0.7241730872
-0.1826560139
0.1197616528
0.6047679363
1.0318675034
1.0648287561
0.6910616162
0.0533324272
-0.6047679363
-0.9545530284
-1.1198899149
-1.1162421052
-0.6862277510
0.0059022800
0.6957778408
1.1198899149
1.1391757310
1.0998290066
0.6910616162
0.0183321767
-0.6613995312
-1.0884990983
-1.0998290066
-0.7241730872
-0.5681454883
-0.1734346821
0.4435498768
0.8911134585
0.9983019868
0.7241730872
0.1734346821
0.2015290136
-0.1726329461
-0.5997325132
-0.7977546445
-0.6910616162
-0.3204065389
0.1726329461
0.0000000000
0.2120560371
0.5551699126
0.6862277510
0.5551699126
0.2120560371
-0.2120560371
-0.2015290136
-0.3204065389
-0.6910616162
-0.7977546445
-0.5997325132
-0.1726329461
0.3204065389
0.7241730872
0.8531104029
0.9983019868
0.8911134585
0.4435498768
-0.1734346821
-0.7241730872
-0.9983019868
-1.1391757310
-1.0884990983
-0.6613995312
0.0183321767
0.6910616162
1.0998290066
1.0884990983
0.9545530284
0.6957778408
0.0059022800
-0.6862277510
-1.1162421052
-1.1198899149
-0.6957778408
-0.1197616528
0.0533324272
0.6910616162
1.0648287561
1.0318675034
0.6047679363
-0.0533324272
-0.7241730872
-0.8523321978
-0.9890806550
-0.8761930302
-0.4286294485
0.1826560139
0.7241730872
0.9890806550
0.9114878493
0.7822595750
0.3551600079
-0.2075986108
-0.6910616162
-0.9105625725
-0.7822595750
-0.5558376914
-0.3165770214
0.2284567149
0.6862277510
0.8818831103
0.7406890955
0.3165770214
-0.0658208607
-0.2075986108
-0.6910616162
-0.9105625725
-0.7822595750
-0.3551600079
0.2075986108
0.7241730872
0.8547646929
0.9890806550
0.8761930302
0.4286294485
-0.1826560139
-0.7241730872
-0.9890806550
-1.0970703629
-1.0318675034
-0.6047679363
0.0533324272
0.6910616162
1.0648287561
1.0318675034
0.9545530284
0.6957778408
0.0059022800
-0.6862277510
-1.1162421052
-1.1198899149
-0.6957778408
-0.1618670210
0.0183321767
0.6910616162
1.0998290066
1.0884990983
0.6613995312
-0.0183321767
-0.7241730872
-0.8606245413
-0.9983019868
-0.8911134585
-0.4435498768
0.1734346821
0.7241730872
0.9983019868
0.7757796964
0.5997325132
0.1726329461
-0.3204065389
-0.6910616162
-0.7977546445
-0.5997325132
0.0000000000
0.2120560371
0.5551699126
0.6862277510
0.5551699126
0.2120560371
-0.2120560371
-0.7757796964
-0.7977546445
-0.6910616162
-0.3204065389
0.1726329461
0.5997325132
0.7977546445
0.6839626293
0.5091749915
0.1409037383
-0.4559755917
-0.8786877436
-0.9657710430
-0.6839626293
-0.1409037383
0.1565114918
0.6590590791
1.0908395504
1.1059563897
0.6986354782
0.0244595598
-0.6590590791
-0.9545530284
-1.1400199617
-1.1689432518
-0.7513699507
-0.0467988665
0.6756477940
1.1400199617
1.1605592259
1.1374678122
0.7808484273
0.1259714833
-0.5770222858
-1.0596131540
-1.1374678122
-0.7356572356
-0.5591371899
-0.1919468851
0.4250806515
0.8797418272
0.9983715262
0.7356572356
0.1919468851
0.0432829548
-0.3650094339
-0.7724101490
-0.8847764404
-0.6591882040
-0.1818124787
0.3650094339
0.5558376914
0.7205427234
0.8291392232
0.6210327212
0.1757128278
-0.3367233935
-0.7205427234
-0.8682048945
-0.8610415568
-0.6298502744
-0.1580775951
0.3740753528
0.7633442302
0.8610415568
0.6745016245
0.4957248926
0.1424709564
-0.4439787747
-0.8608437041
-0.9488955975
-0.6745016245
-0.1424709564
0.0634888630
0.5801758254
1.0564596143
1.1292117383
0.7706433587
0.1177154093
-0.5801758254
-0.9545530284
-1.1826769389
-1.2806206681
-0.8894108288
-0.1584762828
0.6329908168
1.1826769389
1.2956872228
1.2788973737
0.9124022906
0.1974005438
-0.5930015012
-1.1568971282
-1.2788973737
-0.7418844975
-0.5535461055
-0.1877635139
0.4380767501
0.8965865852
1.0126308187
0.7418844975
0.1877635139
-0.0000000000
-0.2607043544
-0.5116611049
-0.5671807039
-0.4060565519
-0.0898325984
0.2607043544
0.0000000000
0.0000000000
-0.0000000000
-0.0000000000
-0.0000000000
-0.0000000000
-0.0000000000
0.5742506828
0.5671807039
0.4060565519
0.0898325984
-0.2607043544
-0.5116611049
-0.5671807039
-0.7418844975
-0.5494963003
-0.1877635139
0.4380767501
0.8965865852
1.0126308187
0.7418844975
0.1877635139
-0.0053555292
-0.5930015012
-1.1568971282
-1.2788973737
-0.9124022906
-0.1974005438
0.5930015012
0.9545530284
1.1826769389
1.2806206681
0.8894108288
0.1584762828
-0.6329908168
-1.1826769389
-1.1533431527
-1.1292117383
-0.7706433587
-0.1177154093
0.5801758254
1.0564596143
1.1292117383
0.6745016245
0.4840197741
0.1424709564
-0.4439787747
-0.8608437041
-0.9488955975
-0.6745016245
-0.1424709564
-0.0225379059
0.3740753528
0.7633442302
0.8610415568
0.6298502744
0.1580775951
-0.3740753528
-0.5558376914
-0.7205427234
-0.8291392232
-0.6210327212
-0.1757128278
0.3367233935
0.7205427234
0.8889499435
0.8847764404
0.6591882040
0.1818124787
-0.3650094339
-0.7724101490
-0.8847764404
-0.7356572356
-0.5392826785
-0.1919468851
0.4250806515
0.8797418272
0.9983715262
